function_g_left : -0.167875
function_g_right: 0.832125
level_set_left  : -0.000272041
level_set_right : 0.000272041
d_level_set_d_x1: 2.16768e-08
d_level_set_d_x2: 5.58434e-09
d_level_set_d_x3: -0.000544055
and end value   :
function_g_value_midpoint :1.50592e-10
lower_bound_derivatives :1e-09
convergence history
0.332125  -0.000272041  0  -0.167875  0.332125
0.082113  -0.000272041  -0.000136021  -0.167875  0.082113
-0.0428933  -0.000204031  -0.000136021  -0.0428933  0.082113
0.0196098  -0.000204031  -0.000170026  -0.0428933  0.0196098
-0.0116417  -0.000187028  -0.000170026  -0.0116417  0.0196098
0.00398404  -0.000187028  -0.000178527  -0.0116417  0.00398404
-0.00382885  -0.000182778  -0.000178527  -0.00382885  0.00398404
7.75938e-05  -0.000182778  -0.000180652  -0.00382885  7.75938e-05
-0.00187563  -0.000181715  -0.000180652  -0.00187563  7.75938e-05
-0.000899017  -0.000181184  -0.000180652  -0.000899017  7.75938e-05
-0.000410712  -0.000180918  -0.000180652  -0.000410712  7.75938e-05
-0.000166559  -0.000180785  -0.000180652  -0.000166559  7.75938e-05
-4.44824e-05  -0.000180719  -0.000180652  -4.44824e-05  7.75938e-05
1.65557e-05  -0.000180719  -0.000180686  -4.44824e-05  1.65557e-05
-1.3963e-05  -0.000180702  -0.000180686  -1.3963e-05  1.65557e-05
1.29647e-06  -0.000180702  -0.000180694  -1.3963e-05  1.29647e-06
-6.33326e-06  -0.000180698  -0.000180694  -6.33326e-06  1.29647e-06
-2.5189e-06  -0.000180696  -0.000180694  -2.5189e-06  1.29647e-06
-6.11342e-07  -0.000180695  -0.000180694  -6.11342e-07  1.29647e-06
3.4231e-07  -0.000180695  -0.000180694  -6.11342e-07  3.4231e-07
-1.3426e-07  -0.000180695  -0.000180694  -1.3426e-07  3.4231e-07
1.03897e-07  -0.000180695  -0.000180695  -1.3426e-07  1.03897e-07
-1.49259e-08  -0.000180695  -0.000180695  -1.49259e-08  1.03897e-07
4.43579e-08  -0.000180695  -0.000180695  -1.49259e-08  4.43579e-08
1.49716e-08  -0.000180695  -0.000180695  -1.49259e-08  1.49716e-08
-1.04942e-10  -0.000180695  -0.000180695  -1.04942e-10  1.49716e-08
7.30554e-09  -0.000180695  -0.000180695  -1.04942e-10  7.30554e-09
3.47253e-09  -0.000180695  -0.000180695  -1.04942e-10  3.47253e-09
1.42826e-09  -0.000180695  -0.000180695  -1.04942e-10  1.42826e-09
4.06125e-10  -0.000180695  -0.000180695  -1.04942e-10  4.06125e-10
-1.04942e-10  -0.000180695  -0.000180695  -1.04942e-10  4.06125e-10
6.61659e-10  -0.000180695  -0.000180695  -1.04942e-10  6.61659e-10
6.61659e-10  -0.000180695  -0.000180695  -1.04942e-10  6.61659e-10
1.50592e-10  -0.000180695  -0.000180695  -1.04942e-10  1.50592e-10
4.06125e-10  -0.000180695  -0.000180695  -1.04942e-10  4.06125e-10
-1.04942e-10  -0.000180695  -0.000180695  -1.04942e-10  4.06125e-10
1.50592e-10  -0.000180695  -0.000180695  -1.04942e-10  1.50592e-10
-1.04942e-10  -0.000180695  -0.000180695  -1.04942e-10  1.50592e-10
1.50592e-10  -0.000180695  -0.000180695  -1.04942e-10  1.50592e-10
4.06125e-10  -0.000180695  -0.000180695  -1.04942e-10  4.06125e-10
1.50592e-10  -0.000180695  -0.000180695  -1.04942e-10  1.50592e-10
1.50592e-10  -0.000180695  -0.000180695  -1.04942e-10  1.50592e-10
4.06125e-10  -0.000180695  -0.000180695  -1.04942e-10  4.06125e-10
4.06125e-10  -0.000180695  -0.000180695  -1.04942e-10  4.06125e-10
1.50592e-10  -0.000180695  -0.000180695  -1.04942e-10  1.50592e-10
-1.04942e-10  -0.000180695  -0.000180695  -1.04942e-10  1.50592e-10
1.50592e-10  -0.000180695  -0.000180695  -1.04942e-10  1.50592e-10
4.06125e-10  -0.000180695  -0.000180695  -1.04942e-10  4.06125e-10
6.61659e-10  -0.000180695  -0.000180695  -1.04942e-10  6.61659e-10
1.50592e-10  -0.000180695  -0.000180695  -1.04942e-10  1.50592e-10
1.50592e-10  -0.000180695  -0.000180695  -1.04942e-10  1.50592e-10
1.50592e-10  -0.000180695  -0.000180695  -1.04942e-10  1.50592e-10
1.50592e-10  -0.000180695  -0.000180695  -1.04942e-10  1.50592e-10
1.50592e-10  -0.000180695  -0.000180695  -1.04942e-10  1.50592e-10
1.50592e-10  -0.000180695  -0.000180695  -1.04942e-10  1.50592e-10
1.50592e-10  -0.000180695  -0.000180695  -1.04942e-10  1.50592e-10
1.50592e-10  -0.000180695  -0.000180695  -1.04942e-10  1.50592e-10
1.50592e-10  -0.000180695  -0.000180695  -1.04942e-10  1.50592e-10
1.50592e-10  -0.000180695  -0.000180695  -1.04942e-10  1.50592e-10
1.50592e-10  -0.000180695  -0.000180695  -1.04942e-10  1.50592e-10
1.50592e-10  -0.000180695  -0.000180695  -1.04942e-10  1.50592e-10
1.50592e-10  -0.000180695  -0.000180695  -1.04942e-10  1.50592e-10
1.50592e-10  -0.000180695  -0.000180695  -1.04942e-10  1.50592e-10
1.50592e-10  -0.000180695  -0.000180695  -1.04942e-10  1.50592e-10
1.50592e-10  -0.000180695  -0.000180695  -1.04942e-10  1.50592e-10
1.50592e-10  -0.000180695  -0.000180695  -1.04942e-10  1.50592e-10
1.50592e-10  -0.000180695  -0.000180695  -1.04942e-10  1.50592e-10
1.50592e-10  -0.000180695  -0.000180695  -1.04942e-10  1.50592e-10
1.50592e-10  -0.000180695  -0.000180695  -1.04942e-10  1.50592e-10
1.50592e-10  -0.000180695  -0.000180695  -1.04942e-10  1.50592e-10
1.50592e-10  -0.000180695  -0.000180695  -1.04942e-10  1.50592e-10
1.50592e-10  -0.000180695  -0.000180695  -1.04942e-10  1.50592e-10
1.50592e-10  -0.000180695  -0.000180695  -1.04942e-10  1.50592e-10
1.50592e-10  -0.000180695  -0.000180695  -1.04942e-10  1.50592e-10
1.50592e-10  -0.000180695  -0.000180695  -1.04942e-10  1.50592e-10
1.50592e-10  -0.000180695  -0.000180695  -1.04942e-10  1.50592e-10
1.50592e-10  -0.000180695  -0.000180695  -1.04942e-10  1.50592e-10
1.50592e-10  -0.000180695  -0.000180695  -1.04942e-10  1.50592e-10
1.50592e-10  -0.000180695  -0.000180695  -1.04942e-10  1.50592e-10
1.50592e-10  -0.000180695  -0.000180695  -1.04942e-10  1.50592e-10
1.50592e-10  -0.000180695  -0.000180695  -1.04942e-10  1.50592e-10
1.50592e-10  -0.000180695  -0.000180695  -1.04942e-10  1.50592e-10
1.50592e-10  -0.000180695  -0.000180695  -1.04942e-10  1.50592e-10
1.50592e-10  -0.000180695  -0.000180695  -1.04942e-10  1.50592e-10
1.50592e-10  -0.000180695  -0.000180695  -1.04942e-10  1.50592e-10
1.50592e-10  -0.000180695  -0.000180695  -1.04942e-10  1.50592e-10
1.50592e-10  -0.000180695  -0.000180695  -1.04942e-10  1.50592e-10
1.50592e-10  -0.000180695  -0.000180695  -1.04942e-10  1.50592e-10
1.50592e-10  -0.000180695  -0.000180695  -1.04942e-10  1.50592e-10
1.50592e-10  -0.000180695  -0.000180695  -1.04942e-10  1.50592e-10
1.50592e-10  -0.000180695  -0.000180695  -1.04942e-10  1.50592e-10
1.50592e-10  -0.000180695  -0.000180695  -1.04942e-10  1.50592e-10
1.50592e-10  -0.000180695  -0.000180695  -1.04942e-10  1.50592e-10
1.50592e-10  -0.000180695  -0.000180695  -1.04942e-10  1.50592e-10
1.50592e-10  -0.000180695  -0.000180695  -1.04942e-10  1.50592e-10
1.50592e-10  -0.000180695  -0.000180695  -1.04942e-10  1.50592e-10
1.50592e-10  -0.000180695  -0.000180695  -1.04942e-10  1.50592e-10
1.50592e-10  -0.000180695  -0.000180695  -1.04942e-10  1.50592e-10
1.50592e-10  -0.000180695  -0.000180695  -1.04942e-10  1.50592e-10
1.50592e-10  -0.000180695  -0.000180695  -1.04942e-10  1.50592e-10
1.50592e-10  -0.000180695  -0.000180695  -1.04942e-10  1.50592e-10
1.50592e-10  -0.000180695  -0.000180695  -1.04942e-10  1.50592e-10
1.50592e-10  -0.000180695  -0.000180695  -1.04942e-10  1.50592e-10
1.50592e-10  -0.000180695  -0.000180695  -1.04942e-10  1.50592e-10
1.50592e-10  -0.000180695  -0.000180695  -1.04942e-10  1.50592e-10
1.50592e-10  -0.000180695  -0.000180695  -1.04942e-10  1.50592e-10
1.50592e-10  -0.000180695  -0.000180695  -1.04942e-10  1.50592e-10
1.50592e-10  -0.000180695  -0.000180695  -1.04942e-10  1.50592e-10
1.50592e-10  -0.000180695  -0.000180695  -1.04942e-10  1.50592e-10
1.50592e-10  -0.000180695  -0.000180695  -1.04942e-10  1.50592e-10
1.50592e-10  -0.000180695  -0.000180695  -1.04942e-10  1.50592e-10
1.50592e-10  -0.000180695  -0.000180695  -1.04942e-10  1.50592e-10
1.50592e-10  -0.000180695  -0.000180695  -1.04942e-10  1.50592e-10
1.50592e-10  -0.000180695  -0.000180695  -1.04942e-10  1.50592e-10
1.50592e-10  -0.000180695  -0.000180695  -1.04942e-10  1.50592e-10
1.50592e-10  -0.000180695  -0.000180695  -1.04942e-10  1.50592e-10
1.50592e-10  -0.000180695  -0.000180695  -1.04942e-10  1.50592e-10
1.50592e-10  -0.000180695  -0.000180695  -1.04942e-10  1.50592e-10
1.50592e-10  -0.000180695  -0.000180695  -1.04942e-10  1.50592e-10
1.50592e-10  -0.000180695  -0.000180695  -1.04942e-10  1.50592e-10
